     0.000     0.000     0.000     0.000     0.000     0.000    #1
   301.717    36.000   121.717     0.000     0.000     0.000    #2
    58.283    36.000   238.283     0.000     0.000     0.000    #3
    20.905    60.000    20.905     0.000     0.000     0.000    #4
   159.095    60.000   159.095     0.000     0.000     0.000    #5
   200.905    60.000   200.905     0.000     0.000     0.000    #6
   339.095    60.000   339.095     0.000     0.000     0.000    #7
   301.717    72.000    58.283     0.000     0.000     0.000    #8
   121.717    72.000   238.283     0.000     0.000     0.000    #9
   238.283    72.000   121.717     0.000     0.000     0.000    #10
    58.283    72.000   301.717     0.000     0.000     0.000    #11
   121.717    36.000   301.717     0.000     0.000     0.000    #12
   238.283    36.000    58.283     0.000     0.000     0.000    #13
   339.095    60.000   159.095     0.000     0.000     0.000    #14
    20.905    60.000   200.905     0.000     0.000     0.000    #15
    58.283   108.000    58.283     0.000     0.000     0.000    #16
   121.717   108.000   121.717     0.000     0.000     0.000    #17
   238.283   108.000   238.283     0.000     0.000     0.000    #18
   301.717   108.000   301.717     0.000     0.000     0.000    #19
   301.717   144.000    58.283     0.000     0.000     0.000    #20
   121.717   144.000   238.283     0.000     0.000     0.000    #21
   238.283   144.000   121.717     0.000     0.000     0.000    #22
    58.283   144.000   301.717     0.000     0.000     0.000    #23
   159.095    60.000   339.095     0.000     0.000     0.000    #24
   200.905    60.000    20.905     0.000     0.000     0.000    #25
     0.000    90.000    90.000     0.000     0.000     0.000    #26
    90.000    90.000   180.000     0.000     0.000     0.000    #27
   270.000    90.000   180.000     0.000     0.000     0.000    #28
     0.000    90.000   270.000     0.000     0.000     0.000    #29
    58.283    36.000    58.283     0.000     0.000     0.000    #30
   121.717    36.000   121.717     0.000     0.000     0.000    #31
   238.283    36.000   238.283     0.000     0.000     0.000    #32
   301.717    36.000   301.717     0.000     0.000     0.000    #33
   301.717   108.000   121.717     0.000     0.000     0.000    #34
    58.283   108.000   238.283     0.000     0.000     0.000    #35
   339.095   120.000    20.905     0.000     0.000     0.000    #36
   159.095   120.000   200.905     0.000     0.000     0.000    #37
   200.905   120.000   159.095     0.000     0.000     0.000    #38
    20.905   120.000   339.095     0.000     0.000     0.000    #39
    90.000    90.000     0.000     0.000     0.000     0.000    #40
   180.000    90.000    90.000     0.000     0.000     0.000    #41
   180.000    90.000   270.000     0.000     0.000     0.000    #42
   270.000    90.000     0.000     0.000     0.000     0.000    #43
   238.283   108.000    58.283     0.000     0.000     0.000    #44
   121.717   108.000   301.717     0.000     0.000     0.000    #45
    58.283    72.000   121.717     0.000     0.000     0.000    #46
   301.717    72.000   238.283     0.000     0.000     0.000    #47
    20.905   120.000   159.095     0.000     0.000     0.000    #48
   339.095   120.000   200.905     0.000     0.000     0.000    #49
   180.000     0.000     0.000     0.000     0.000     0.000    #50
    58.283   144.000   121.717     0.000     0.000     0.000    #51
   301.717   144.000   238.283     0.000     0.000     0.000    #52
   121.717    72.000    58.283     0.000     0.000     0.000    #53
   238.283    72.000   301.717     0.000     0.000     0.000    #54
   180.000   180.000     0.000     0.000     0.000     0.000    #55
     0.000   180.000     0.000     0.000     0.000     0.000    #56
   238.283   144.000   301.717     0.000     0.000     0.000    #57
   121.717   144.000    58.283     0.000     0.000     0.000    #58
   200.905   120.000   339.095     0.000     0.000     0.000    #59
   159.095   120.000    20.905     0.000     0.000     0.000    #60
