     0.000     0.000     0.000     0.000     0.000     0.000    #1
    51.429     0.000     0.000     0.000     0.000     0.000    #2
   102.857     0.000     0.000     0.000     0.000     0.000    #3
   154.286     0.000     0.000     0.000     0.000     0.000    #4
   205.714     0.000     0.000     0.000     0.000     0.000    #5
   257.143     0.000     0.000     0.000     0.000     0.000    #6
   308.571     0.000     0.000     0.000     0.000     0.000    #7
   180.000   180.000     0.000     0.000     0.000     0.000    #8
   282.857   180.000     0.000     0.000     0.000     0.000    #9
    25.714   180.000     0.000     0.000     0.000     0.000    #10
   128.571   180.000     0.000     0.000     0.000     0.000    #11
   231.429   180.000     0.000     0.000     0.000     0.000    #12
   334.286   180.000     0.000     0.000     0.000     0.000    #13
    77.143   180.000     0.000     0.000     0.000     0.000    #14
